255.60
291.50
306.25
294.00
288.00
257.00
271.50
271.75
271.60
273.25
273.00
271.80
260.00
264.80
269.25
278.50
293.00
310.25
327.20
350.50
332.20
319.75
304.00
268.50
272.00
276.20
300.00
289.25
275.75
260.00
255.00
256.40
259.50
260.75
281.40
272.25
263.75
303.40
327.25
311.50
285.80
288.25
293.25
303.40
298.25
291.50
276.60
271.75
268.40
277.25
278.25
277.20
278.00
274.00
268.80
278.50
270.80
257.00
250.00
252.60
256.25
259.75
254.25
230.20
206.25
184.75
189.00
200.75
209.00
206.00
256.75
307.75
320.50
356.00
343.75
269.75
269.25
233.00
213.75
226.25
252.60
259.75
262.00
264.50
260.50
276.80
280.50
286.25
281.50
291.00
326.00
345.60
339.50
359.75
382.60
340.50
341.50
369.20
368.00
359.50
327.20
332.25
341.50
358.00
335.50
328.40
312.75
315.00
319.20
356.00
347.00
323.40
304.50
324.50
323.20
320.00
285.00
270.60
265.75
252.50
269.67
288.00
297.25
296.00
311.50
318.25
325.50
324.25
321.40
321.25
298.75
270.00
277.75
299.75
280.00
256.20
235.50
244.25
253.80
259.00
244.50
229.25
217.00
228.00
233.75
241.40
241.00
225.75
214.75
198.60
196.00
189.00
186.50
179.00
187.50
185.00
184.25
184.40
184.50
175.00
163.75
164.33
168.00
169.40
168.25
173.00
170.60
173.50
179.33
191.75
195.33
189.00
190.20
197.50
202.67
199.60
190.33
186.60
186.25
186.75
186.50
200.75
198.75
197.00
195.00
198.00
203.40
198.50
195.00
197.60
195.75
193.40
198.25
212.75
213.25
237.80
240.75
232.00
229.00
230.75
239.00
235.25
244.00
259.20
278.25
287.00
290.00
292.75
297.25
293.80
285.00
276.75
282.80
285.25
286.40
277.75
280.50
291.25
301.50
303.50
302.25
308.00
312.50
315.40
312.67
309.20
301.00
296.25
305.00
313.00
315.00
318.67
316.50
317.60
323.25
328.80
327.50
325.00
329.20
342.00
360.67
375.60
464.75
594.00
907.00
901.80
757.00
731.75
693.50
683.80
609.25
552.00
531.80
580.00
590.75
588.25
549.67
533.00
574.50
572.00
526.25
518.75
493.00
542.75
591.00
568.80
535.00
502.20
466.00
451.33
440.00
441.80
452.75
476.50
486.00
514.50
532.00
516.80
524.00
492.75
484.25
481.40
513.75
538.25
566.00
598.75
599.40
615.25
585.75
542.00
537.50
548.00
547.75
600.50
600.00
573.75
567.75
563.25
558.25
559.25
557.80
564.20
563.00
559.00
557.00
543.50
524.25
509.00
478.75
444.00
439.00
438.00
451.00
450.00
459.00
422.00
395.00
388.00
397.00
422.00
445.00
432.00
428.00
418.00
418.00
420.00
420.00
410.00
399.00
381.00
376.00
392.00
373.00
357.00
373.00
368.00
363.00
369.00
384.00
384.00
395.00
433.00
441.00
442.00
415.00
384.00
369.00
365.00
373.00
377.00
367.00
370.00
380.00
421.00
458.00
417.00
393.00
402.00
394.00
402.00
406.00
