1.0519
1.04562
1.04173
1.05551
1.0585
1.05318
1.05963
1.05585
1.0635
1.06392
1.06105
1.06479
1.0683
1.06405
1.06747
1.07446
1.07416
1.07243
1.07323
1.06693
1.06996
1.06987
1.0782
1.07908
1.07552
1.07503
1.06799
1.0647
1.06822
1.06392
1.06461
1.06158
1.05638
1.06274
1.06522
1.06165
1.05723
1.05088
1.05604
1.05966
1.05751
1.05878
1.05425
1.05355
1.05148
1.0619
1.0594
1.05527
1.05466
1.06121
1.07048
1.0646
1.06343
1.07285
1.07586
1.07705
1.07828
1.08006
1.07929
1.07707
1.0869
1.08564
1.07884
1.07373
1.06918
1.06658
1.06527
1.06762
1.06462
1.06406
1.0587
1.05935
1.06191
1.06497
1.06228
1.06333
1.06512
1.07175
1.07673
1.0719
1.08575
1.08917
1.08998
1.09138
1.08939
1.08989
1.09135
1.09082
1.09184
1.09628
1.09512
1.09087
1.08689
1.0873
1.08703
1.09492
1.10356
1.10915
1.1122
1.11601
1.11743
1.1255
1.11776
1.12216
1.12153
1.11832
1.11647
1.11915
1.12331
1.12233
1.1263
1.12483
1.12257
1.12354
1.11785
1.12166
1.12068
1.12057
1.11651
1.1177
1.1204
1.11549
1.1144
1.11618
1.11667
1.11781
1.12629
1.13628
1.14057
1.14054
1.13745
1.13431
1.1326
1.13686
1.14122
1.13892
1.13964
1.14551
1.13995
1.14189
1.14625
1.15513
1.15227
1.14936
1.16421
1.16445
1.16595
1.16478
1.16977
1.17169
1.17309
1.18122
1.18244
1.18538
1.18746
1.18044
1.181
1.17383
1.1726
1.17546
1.17957
1.17427
1.17096
1.16958
1.17388
1.17647
1.1763
1.18001
1.18022
1.18082
1.19256
1.20444
1.19068
1.18391
1.19626
1.18945
1.18929
1.19271
1.20216
1.20483
1.1974
1.19399
1.19528
1.18747
1.19774
1.19475
1.19864
1.1999
1.19279
1.19656
1.18832
1.17926
1.17242
1.17921
1.18065
1.17419
1.17694
1.17532
1.17293
1.16944
1.1729
1.18047
1.18468
1.18429
1.18498
1.17991
1.17483
1.17766
1.185
1.17868
1.1747
1.17616
1.18098
1.17022
1.15801
1.16329
1.16533
1.1615
1.16735
1.16139
1.16021
1.1588
1.15899
1.16451
1.16575
1.16615
1.17729
1.17942
1.17772
1.17978
1.17477
1.1743
1.17968
1.18506
1.19266
1.1904
1.18626
1.18582
1.19121
1.18879
1.18491
1.18031
1.17938
1.17968
1.17632
1.17907
1.173
1.17752
1.17987
1.1755
1.17949
1.18451
1.1878
1.18651
1.18494
1.18629
1.18971
1.19505
1.20083
